year,dayOfYear,incidentCount,cumulativeIncidents
2015,46,1,1
2015,71,1,2
2015,72,1,3
2015,100,1,4
2015,124,2,6
2015,140,1,7
2015,143,1,8
2015,147,1,9
2015,179,1,10
2015,180,1,11
2015,181,1,12
2015,182,1,13
2015,186,1,14
2015,206,1,15
2015,210,1,16
2015,216,1,17
2015,219,1,18
2015,227,1,19
2015,235,1,20
2015,252,1,21
2015,258,1,22
2015,282,1,23
2015,294,1,24
2015,297,1,25
2015,299,1,26
2015,302,1,27
2015,311,1,28
2015,323,1,29
2015,327,1,30
2015,333,1,31
2015,344,1,32
2015,349,1,33
2015,353,1,34
2015,357,1,35
2015,360,1,36
2016,17,1,1
2016,28,1,2
2016,29,1,3
2016,45,1,4
2016,62,1,5
2016,65,1,6
2016,74,1,7
2016,94,1,8
2016,105,1,9
2016,119,1,10
2016,126,1,11
2016,127,1,12
2016,132,1,13
2016,135,1,14
2016,141,1,15
2016,157,1,16
2016,164,1,17
2016,169,1,18
2016,173,1,19
2016,178,1,20
2016,189,2,22
2016,199,1,23
2016,217,1,24
2016,222,1,25
2016,224,1,26
2016,230,1,27
2016,237,1,28
2016,240,2,30
2016,249,1,31
2016,263,1,32
2016,279,1,33
2016,299,1,34
2016,300,1,35
2016,301,1,36
2016,302,1,37
2016,325,1,38
2016,348,1,39
2016,351,1,40
2017,42,1,1
2017,65,1,2
2017,122,1,3
2017,140,1,4
2017,141,1,5
2017,142,1,6
2017,154,2,8
2017,174,1,9
2017,188,1,10
2017,215,1,11
2017,217,1,12
2017,230,1,13
2017,246,1,14
2017,247,1,15
2017,249,1,16
2017,268,1,17
2017,271,1,18
2017,273,1,19
2017,275,1,20
2017,288,1,21
2017,311,1,22
2017,323,2,24
2017,331,1,25
2017,333,1,26
2017,337,1,27
2017,340,1,28
2018,44,1,1
2018,55,1,2
2018,104,1,3
2018,107,1,4
2018,108,1,5
2018,127,1,6
2018,128,1,7
2018,136,1,8
2018,161,1,9
2018,163,1,10
2018,166,1,11
2018,172,1,12
2018,204,1,13
2018,208,1,14
2018,212,1,15
2018,215,1,16
2018,225,1,17
2018,236,1,18
2018,244,1,19
2018,248,1,20
2018,249,1,21
2018,253,1,22
2018,266,1,23
2018,269,1,24
2018,282,1,25
2018,284,1,26
2018,285,1,27
2018,288,1,28
2018,335,1,29
2018,337,1,30
2018,340,1,31
2018,365,1,32
2019,28,2,2
2019,34,1,3
2019,48,1,4
2019,49,1,5
2019,52,1,6
2019,54,1,7
2019,58,1,8
2019,86,1,9
2019,100,1,10
2019,101,1,11
2019,123,1,12
2019,145,1,13
2019,148,1,14
2019,149,1,15
2019,160,1,16
2019,166,1,17
2019,168,1,18
2019,172,1,19
2019,203,1,20
2019,204,1,21
2019,220,2,23
2019,239,1,24
2019,249,1,25
2019,275,1,26
2019,353,1,27
2019,355,1,28
2019,356,1,29
2019,360,1,30
2020,8,1,1
2020,10,1,2
2020,33,1,3
2020,34,1,4
2020,46,1,5
2020,81,1,6
2020,140,1,7
2020,187,2,9
2020,232,1,10
2020,274,1,11
2020,358,1,12
2021,29,1,1
2021,39,1,2
2021,51,1,3
2021,74,1,4
2021,116,1,5
2021,142,1,6
2021,146,1,7
2021,148,1,8
2021,164,1,9
2021,176,1,10
2021,183,1,11
2021,185,1,12
2021,203,2,14
2021,209,1,15
2021,226,1,16
2021,233,1,17
2021,235,1,18
2021,244,1,19
2021,260,1,20
2021,266,1,21
2021,270,1,22
2021,273,1,23
2021,275,2,25
2021,281,1,26
2021,289,1,27
2021,333,1,28
2021,347,1,29
2021,359,1,30
2022,22,1,1
2022,35,1,2
2022,141,1,3
2022,142,1,4
2022,145,1,5
2022,159,1,6
2022,172,1,7
2022,182,1,8
2022,188,1,9
2022,217,1,10
2022,218,1,11
2022,231,1,12
2022,239,1,13
2022,241,1,14
2022,244,1,15
2022,247,1,16
2022,265,1,17
2022,272,1,18
2022,288,1,19
2022,299,1,20
2022,306,1,21
2022,314,1,22
2022,323,1,23
2022,334,1,24
2022,342,1,25
2022,352,2,27
2023,41,2,2
2023,47,2,4
2023,61,1,5
2023,80,1,6
2023,81,1,7
2023,103,1,8
2023,112,1,9
2023,125,1,10
2023,152,2,12
2023,179,2,14
2023,193,1,15
2023,203,1,16
2023,204,1,17
2023,205,1,18
2023,209,1,19
2023,210,1,20
2023,215,2,22
2023,217,1,23
2023,220,1,24
2023,230,1,25
2023,232,1,26
2023,241,1,27
2023,242,1,28
2023,250,1,29
2023,256,1,30
2023,262,1,31
2023,268,1,32
2023,271,1,33
2023,273,1,34
2023,277,1,35
2023,285,1,36
2023,291,2,38
2023,334,1,39
2023,353,1,40
2023,354,1,41
2024,5,1,1
2024,10,1,2
2024,18,1,3
2024,37,1,4
2024,41,2,6
2024,56,1,7
2024,68,1,8
2024,69,1,9
2024,74,1,10
2024,88,1,11
2024,94,2,13
2024,108,1,14
2024,117,1,15
2024,139,1,16
2024,146,1,17
2024,159,1,18
2024,169,1,19
2024,177,1,20
2024,198,1,21
2024,200,1,22
2024,207,1,23
2024,210,1,24
2024,216,1,25
2024,220,1,26
2024,221,1,27
2024,232,1,28
2024,250,1,29
2024,260,1,30
2024,263,1,31
2024,278,1,32
2024,279,1,33
2024,295,2,35
2024,298,1,36
2024,303,1,37
2024,304,1,38
2024,323,2,40
2024,339,1,41
2024,343,1,42
2024,361,1,43
2024,364,1,44
2025,8,1,1
2025,10,2,3
2025,44,1,4
2025,55,1,5
